noise1-sp1.0-xiaodu_1w_quick_near_18992318_001.xiaodu_1w_quick_near_18992318_001-112 <NnetExample> <Lab1> [ 0 0 0 0 0 0 0 0 ]
<InputFrames>  [
  117.9656 -12.2091 -24.32647 -15.26132 4.606314 5.303528 -6.404304 -39.51752 4.055468 3.862238 44.0219 20.26985 7.631357 19.61605 -7.768182 -18.76038 -47.70084 -11.5825 20.21098 7.352363 4.675441 -4.389734 0.06100082 -1.184467 -3.191132 -2.348186 7.495224 3.900478 -2.315728 6.03028 2.345109 -6.078555 -4.020309 2.354497 10.04784 3.268778 1.387959 -1.175841 -12.92034 -1.070175 
  118.3015 -12.36155 -19.34078 -13.36127 2.463052 6.922085 -17.78018 -40.31874 -9.104189 -3.539696 38.24206 9.376556 2.942392 26.6708 -3.812801 -27.62617 -48.74819 -6.891545 22.51539 12.6671 3.429628 -3.894165 0.1758862 -1.405525 -2.446035 -0.03901315 5.719086 1.414132 -2.725304 3.580088 -0.3813164 1.107539 -0.6961594 -2.030045 6.14333 -0.259522 2.778179 2.250596 -7.362345 -3.878232 
  118.0112 -8.571168 -17.93178 -18.29683 3.591084 14.47535 -15.69832 -31.23823 0.7212505 3.862238 40.52358 9.934326 5.805004 25.05829 -2.659149 -23.39477 -47.00261 -4.42262 22.03802 8.788778 2.183814 -3.212757 0.08254182 -1.122776 -0.9950566 1.864515 5.843002 0.8121739 -0.04113847 2.048717 -5.211966 -1.097366 -1.018509 4.738025 10.04784 1.113661 3.704993 3.200715 -5.451785 -2.157165 
  118.256 -9.014414 -15.42113 -15.98899 3.027068 11.50799 -17.40842 -36.31264 -2.080349 -7.451569 33.47711 11.58801 1.958369 28.28332 -12.87721 -28.63364 -34.78352 0.7621241 26.12973 7.639646 -0.6475818 -2.460099 0.5625194 -1.09193 -0.9950566 1.750246 3.347124 -2.984474 4.687679 2.508129 -9.523239 -7.912298 -4.373462 7.914757 6.489132 2.101423 7.742971 -1.505031 -0.635957 -4.072144 
  118.4951 -12.51399 -16.78769 -11.70378 3.929494 -3.264211 -13.61645 -18.39081 1.42165 1.223619 28.66502 31.12253 8.365621 21.6317 -6.61453 -38.10391 -26.75385 9.55978 25.44778 5.485023 -3.517093 -0.6076148 1.653929 -0.9831629 1.066397 4.759332 3.121687 -2.266442 5.843177 4.192636 -3.667665 -11.72084 0.02017283 12.49398 9.527053 6.949836 1.566192 -5.537608 4.887535 -5.467081 
  117.8176 -10.99425 -15.83427 -11.27968 9.702891 5.843046 4.305978 -16.97178 5.078914 -0.4726365 29.38684 30.53104 6.16283 10.68703 -15.18452 -52.02751 -25.5682 6.739167 25.58417 2.251595 -4.761114 -1.236046 1.611952 -1.169044 2.23953 5.178319 -0.2069215 -2.266442 9.376896 -3.133223 -6.270915 -8.194412 -2.872562 4.808128 8.572278 6.409886 -0.1879311 -0.5997581 3.500238 -5.208759 
  117.8176 -11.05335 -15.64359 -11.5825 11.79484 -10.30347 9.061082 -20.96608 -7.803999 -4.690247 36.11264 28.1651 -5.65547 21.22857 -24.40273 -42.14832 -29.89589 10.27994 25.03861 1.550091 -3.040218 -1.038539 2.283345 -1.078334 3.877213 8.256596 1.189374 1.126239 7.862445 -5.334225 -8.263412 -3.504155 3.315301 9.163635 7.183514 2.969456 1.494899 0.9204309 -1.804352 -4.072144 
  117.8176 -8.571168 -12.63927 -11.5825 16.15308 -2.519497 3.479004 -13.69888 4.370375 2.260219 30.34925 29.15091 7.264225 9.899889 -31.99263 -44.1923 -19.99134 11.72025 22.51539 1.80854 -3.786631 -2.175435 2.306652 -1.013754 3.599253 8.036471 0.7707062 0.2190537 4.955348 -5.443119 -9.883189 -4.80904 0.8081381 6.31536 8.572278 4.682045 -0.9487052 4.264847 1.545411 -3.583839 
  117.8176 -10.69875 -13.86389 -15.98899 9.702891 -8.680125 10.0948 -17.60246 -1.099789 12.58785 37.48155 25.09309 -5.287617 6.751339 -30.78515 -42.65932 -9.952999 7.819402 18.22798 1.476249 -6.194459 -2.887094 2.376574 -0.9049863 2.047998 8.168546 5.30603 2.513359 5.780075 -6.20538 -9.883189 -2.373254 4.300108 6.31536 8.398683 2.460609 -1.492115 10.66306 -1.591916 -7.275333 
  117.8176 -7.359627 -13.86389 -11.90592 8.831245 -6.801601 16.50385 -5.859203 3.268203 9.32795 39.15467 28.658 0.3481503 8.150695 -20.12874 -41.12634 -15.94812 12.4203 21.83344 0.6270587 -3.786631 -2.303534 2.446495 -0.6636583 4.572113 6.011333 0.5100055 4.106618 5.653871 -11.97678 -7.197495 -1.561326 1.058855 4.948336 5.797527 2.969456 1.673132 8.835001 -1.740621 -1.749544 
  116.4607 -8.807566 -10.76632 -13.68468 5.867647 -6.661967 4.305978 -18.86382 2.40221 -4.345081 36.87315 31.91117 4.731524 1.556208 -28.19768 -39.11139 -27.45208 18.14041 19.12934 -2.065987 -5.113586 -2.887094 2.07358 -0.4481316 3.147568 7.420125 1.801273 5.412167 5.401463 -10.56116 -8.443387 -3.156185 3.136218 2.284393 6.489132 4.346336 1.851365 3.580762 -0.4235215 -2.587432 
  117.8688 -6.44948 -12.06298 -16.39326 9.702891 -5.591441 1.742747 -15.09883 4.606554 -5.495632 37.17735 27.57362 -5.287617 13.22336 -23.19525 -41.63733 -18.87597 20.09045 16.15484 4.623174 -4.242772 -2.260834 3.332169 -0.8913903 3.078079 5.064049 2.284352 8.229404 4.464622 -5.769803 -7.373987 -1.561326 4.300108 2.179237 11.95739 5.114005 -1.437774 2.934681 -2.151727 -3.674422 
  117.8688 -8.955315 -18.69047 -14.25065 4.267904 -2.845309 2.544096 -16.49877 5.078914 3.391056 34.43953 33.48847 -2.156635 10.68703 -19.1399 -47.93957 -21.52498 13.72032 13.54089 0.7009013 -6.374604 -3.057892 1.863815 -0.7928197 2.487414 5.483036 1.897889 1.466476 4.553844 -7.621007 -10.78307 -4.80904 6.043575 2.775119 6.316231 11.26944 3.455466 3.010691 0.9148216 -0.6527172 
  117.8176 -6.44948 -14.69018 -16.7571 5.17033 -3.450389 -7.205653 -21.59676 -8.513193 -2.73431 20.96568 22.75037 -0.7253294 23.04265 -20.95278 -40.52185 -13.99622 13.46032 25.58417 1.882383 -2.459675 -1.534942 1.538491 -1.235876 2.973844 6.715729 2.799635 0.4399867 4.464622 -3.519112 -10.06316 -5.79644 3.064585 7.220935 2.973473 7.705767 5.273446 -1.916518 2.049883 -3.040344 
  116.4607 -7.056244 -18.79885 -19.75957 9.354234 -4.800183 7.407133 -7.539135 7.361984 10.41458 33.71772 33.78421 5.178807 17.60041 -25.26522 -41.12634 -26.40473 10.27994 19.30962 -2.139659 -5.113586 -2.559731 1.758872 -1.420948 1.449461 3.921359 -0.2395091 0.5504532 7.042118 -1.69992 -6.623898 -2.750221 -2.607697 9.441164 3.665078 8.029737 3.491112 -2.410303 3.311061 -3.968815 
  118.3983 -9.54631 -16.37454 -19.75957 3.365479 -6.801601 3.892491 -8.099112 -8.099497 10.9579 26.98079 16.41125 12.03694 13.5732 -30.78515 -42.14832 -15.25101 9.55978 17.59702 4.335891 -4.947717 -1.776906 2.143502 -1.405525 2.383179 4.873601 1.382605 -0.2780454 5.843177 3.273814 -5.211966 -4.80904 6.869427 6.490619 1.359727 6.949836 -2.089867 -5.866798 0.9148216 -3.334737 
  124.2365 -13.12377 -21.50847 -16.39326 -9.572609 -0.3614212 -15.32655 -23.22601 -6.858406 10.41458 14.95057 8.818785 12.95477 7.538476 -15.34933 -22.38729 -17.34233 11.90029 5.132092 4.479533 -0.4210701 -0.3203319 1.192179 -0.4213715 -0.6573901 -1.701618 6.132141 0.864518 -1.455619 -5.007542 3.111916 4.609447 7.69528 5.368958 -6.88649 -2.159842 2.599946 -3.973956 0.8510909 3.313133 
  126.1736 -12.41236 -15.10333 -12.0272 -8.36606 -1.979978 -8.274118 -22.43766 0.02085066 -0.4726365 -7.044373 -7.914337 -6.575103 -8.56422 -14.6901 -26.01421 -17.34233 12.94031 13.81129 0.2578458 -2.459675 -0.9487631 0.5205421 -0.4374275 0.5875672 1.674067 5.30603 -1.051311 -1.168916 -4.897287 0.30029 4.868848 7.69528 0.9953768 -2.106434 -3.165895 0.8988893 4.150833 1.103998 2.478217 
  123.389 -10.99425 -9.325588 -14.81662 -11.39735 -1.710219 -9.075468 -22.43766 1.42165 20.73761 3.642155 11.86362 13.13833 3.377884 -15.34933 -16.74543 -6.061977 7.819402 18.58852 -2.287004 -6.374604 -1.492243 1.055753 -0.9831629 -0.6813316 5.064049 4.892975 0.9168622 -0.5135951 -4.787034 -5.917932 -4.80904 7.144711 6.1401 1.186826 1.562644 9.983269 1.756535 -0.635957 -0.02653031 
  122.4205 -12.71725 -15.64359 -21.68424 -8.140453 -2.984943 -11.34596 -28.03334 -7.272103 5.558494 1.176033 7.982128 5.35772 11.64908 4.322338 -21.9843 0.5367287 6.19905 10.29597 2.140832 -5.473877 -3.553461 0.6359797 -0.952572 2.143764 5.571085 5.016891 2.094605 1.564875 -3.905001 -7.903461 -4.490068 9.346985 6.665878 -4.637052 4.196675 6.846852 0.9964404 0.808604 -0.165683 
  122.4205 -8.571168 -12.85538 -19.06669 -6.222798 -4.660549 -9.209026 -23.22601 -3.621229 14.76112 13.50694 11.3124 10.01771 7.363557 -2.329535 -12.98754 -3.565169 13.98033 12.81979 1.734698 -6.014313 -2.146969 1.139707 -0.7282391 1.042455 3.73091 4.764154 2.932112 -0.3088074 -2.140936 -2.085332 -6.078555 3.566017 12.63274 -3.60606 -1.377357 5.166506 4.671083 -1.145802 0.5300803 
  121.0888 -14.39413 -17.10549 -19.06669 -9.155683 -10.10055 -17.25972 -22.43766 -10.34528 5.558494 27.7026 19.16739 2.137282 15.58477 -2.329535 -15.33496 -6.240321 9.919858 13.18034 0.6270587 -10.87824 -5.040169 0.3123125 -0.6301003 2.800119 6.62768 5.595169 4.312757 1.787932 -2.581953 -6.844512 -13.8367 -6.404092 13.46533 -0.1387502 -6.519402 7.550946 1.07245 -4.930723 -3.402674 
  121.452 -11.142 -12.85538 -19.75957 -15.95919 -9.085962 -18.375 -22.43766 -0.5394692 13.67449 9.657267 14.75757 6.16283 14.62271 0.1425781 -15.53646 -9.395313 1.502802 11.46775 2.842336 -2.791414 -3.708326 1.863815 -0.952572 0.7551576 0.7218245 2.155531 3.638758 3.2155 -1.920428 -4.329509 -3.968114 -6.668957 15.40803 2.62767 -2.606977 7.166895 2.668648 0.5324378 -2.587432 
  119.6359 -8.27567 -10.76632 -14.00809 -19.00042 -21.46399 -12.28087 -17.9178 6.889625 3.862238 10.61968 17.51371 17.72748 10.86195 7.666146 -15.33496 -23.75572 1.255909 13.72116 3.617683 -4.242772 -3.398596 1.034764 -0.6033401 0.1566204 2.969116 3.475945 6.855142 -1.168916 -2.857588 -7.197495 -0.4488648 -0.6961594 -1.569654 3.665078 0.9041361 5.059566 2.782662 -3.714911 -3.968815 
  118.5463 -7.359627 -11.7028 -9.765577 -10.7891 -19.84064 -15.1035 -28.83456 0.4410906 10.41458 13.50694 11.3124 -4.840333 10.07481 20.6234 -0.989592 -11.48663 4.21862 2.808345 -1.108242 -1.893396 -2.175435 1.653929 -0.4909477 -0.8381941 -0.6393982 4.764154 3.969192 -2.930092 1.662828 -2.255733 2.145141 2.348252 -1.372344 -6.699037 4.466064 7.742971 2.36461 -2.499101 -0.6527172 
  118.3015 -6.146098 -16.37454 -8.857115 -0.9210453 -5.405263 -1.596209 -18.23314 -2.220429 -10.09784 3.642155 9.934326 -17.05892 -0.8726954 26.47507 0.05370809 2.676849 5.838972 -0.03179121 -4.276166 -2.895082 -2.146969 0.3266732 -0.6636583 -1.50486 -0.2699304 0.9317323 2.094605 4.553844 11.69635 -6.094423 -4.490068 1.560287 -0.1227137 -0.887989 0.7544752 1.007571 7.006939 3.500238 -5.002102 
  116.4607 -5.23595 -15.42113 -5.677494 -15.80713 -8.151395 -1.996882 -19.38938 -6.562908 -2.849365 -0.4680481 2.683307 -9.150076 3.377884 14.77174 -3.076191 -5.348603 9.019663 -6.228451 -4.644529 -4.408641 -0.3203319 0.1974272 -0.3196831 -0.5616242 -0.5932148 -0.3372718 1.283271 5.044571 6.03028 -4.770738 -3.56215 -0.9468757 -0.3200238 2.108966 0.7844074 7.102886 7.413175 -0.8059053 -3.221509 
  117.8176 -5.23595 -16.97837 -2.04364 -9.268486 -8.477207 -0.9284172 -10.899 -2.080349 -2.074655 1.176033 9.655441 -5.65547 4.389927 8.502098 -8.031866 -2.673453 10.64001 0.4845972 0.7009013 -2.791414 -0.6076148 1.370582 -0.721441 0.3960353 -0.1313801 0.4774179 6.511577 0.1373075 1.276939 -1.403726 0.8481383 2.598969 3.686468 -2.575068 -0.7066565 7.102886 4.569524 0.02259278 0.460504 
  117.8176 -7.359627 -24.86839 -5.828904 -12.15765 -9.897636 -2.130441 -4.17927 -6.282748 0.6582003 -9.510494 13.79292 -7.494737 0.7465725 14.77174 -12.20506 -6.418664 2.490373 -2.355539 -4.644529 -3.745163 -0.6076148 0.4271978 -0.3571472 -0.3940338 0.6075554 -1.314899 4.587609 1.029537 -0.4319987 1.663502 -0.4488648 0.02017283 5.404011 0.8410237 0.6347466 2.706886 7.413175 -0.01989424 -1.432505 
  116.4607 -7.056244 -21.18332 -3.860567 -2.274684 -7.546315 12.16224 1.140514 1.28157 -1.038055 -8.688454 13.24169 -8.782223 -6.540135 21.45935 1.097007 -8.558784 12.4203 2.291956 -5.823292 -1.666884 -0.1048699 0.6569684 -0.6568604 -1.269566 0.7599142 -0.2069215 2.670391 5.401463 2.048717 -0.3813164 7.073753 -2.607697 -2.030045 -0.887989 1.113661 5.950733 6.296027 2.239059 -2.474204 ]
<LeftContext> 12 <SpkInfo>  [ ]
</NnetExample> iOS_Speaker0267_0184-144 <NnetExample> <Lab1> [ 9 9 9 9 9 74 74 74 ]
<InputFrames>  [
  130.528 -13.2204 -6.649384 1.028316 -70.91006 -80.44719 -16.9066 -25.83344 -47.52321 -10.27567 1.132207 -38.9194 18.19558 -15.08556 0.01422119 -5.298197 11.50373 16.02616 5.029358 10.68629 -1.129486 -2.008789 -0.570216 0.003700256 0.3331492 -4.536843 1.543846 -0.8818221 -7.019943 -2.996022 4.696596 0.2449517 -0.6077519 7.64631 -0.7212081 2.424927 -6.580089 -1.66275 2.78228 -0.4278259 
  131.6133 -18.03024 -4.172077 -2.314255 -80.74715 -82.67322 -20.35154 -41.58736 -36.17184 -45.50272 -1.787601 -50.25747 6.927382 -31.77028 -6.848366 -5.676427 12.50031 21.40041 6.424325 19.40245 4.645195 -2.677863 -0.9256196 0.2046603 1.346067 -4.757088 -0.7001364 -0.513093 -2.840229 4.156443 5.112304 4.687654 -0.3150583 6.49408 -1.284732 8.787086 -0.4436932 -0.5814105 2.653131 2.192663 
  133.0662 -20.11117 -7.976514 0.5237775 -67.57816 -77.47916 -3.413895 -25.83344 -35.18216 -45.50272 -7.422605 -52.86352 6.167859 -25.04917 -9.460854 -21.62944 10.50715 10.24046 3.634391 20.03617 7.999146 -1.749777 -0.1659271 0.1788962 1.749523 -4.828487 -1.988996 -0.513093 1.146532 -2.435568 -0.6850306 0.06520534 -8.688096 -4.861237 1.934971 7.039948 -4.493382 -3.392649 0.6513104 6.025551 
  132.9437 -20.11117 -9.126693 1.974327 -70.91006 -81.1892 -6.57176 -32.04442 -42.76966 -55.40776 -14.54514 -52.4263 14.15378 -22.14312 -5.116685 -19.21199 13.49645 15.60538 5.029358 16.17352 10.14423 -3.256569 -0.435453 0.2922583 2.740184 -5.442523 -3.571933 0.5930939 2.887366 -5.307892 -5.278345 1.642686 -11.87518 3.172142 1.934971 5.866089 -3.572999 0.4999293 -3.169571 6.402146 
  133.7706 -15.85119 -8.772792 -3.260265 -70.34254 -81.93121 -9.01193 -27.62208 -28.11727 -53.51105 -20.07756 -35.41999 19.20603 -26.65173 -8.828041 -23.62414 16.55603 20.07525 1.722771 14.27409 11.75304 -1.375648 -1.76981 0.750201 3.512012 -6.955482 -2.68685 -3.81203 2.217445 4.578537 2.7012 9.433265 -6.616493 9.846022 -0.6930319 5.636678 -5.183671 -0.4675852 -0.9307732 9.503207 
  132.6986 -17.52795 -8.507366 -2.755726 -75.82861 -95.28912 3.163908 -22.648 -19.75028 -36.44066 -13.00732 -46.33814 7.686905 -29.74667 -8.195229 -17.58244 17.55217 21.84212 3.117737 16.80723 7.213063 -2.627541 -1.501204 0.3334808 1.426758 -8.323726 -4.41771 -5.471682 1.782387 0.5264359 2.534917 8.440301 -11.07841 10.16027 1.460636 6.439369 -13.45419 -4.377361 -4.988632 6.628104 
  132.1977 -19.03483 -9.038218 -6.595492 -71.47759 -84.89925 -1.071017 -17.74733 -29.35409 -32.28749 -11.55044 -40.59911 10.31407 -38.43629 -8.828041 -14.98722 21.60789 18.75009 1.722771 17.7729 7.003441 -0.3892356 -1.405273 0.5517628 1.840301 -4.360648 -2.584725 1.697878 5.031113 5.25748 0.4753447 7.537607 -6.616493 6.217251 4.145291 11.46736 -3.757075 0.4999293 -0.9307732 5.837253 
  131.2376 -12.5627 -3.818175 -3.260265 -58.75694 -68.65751 -1.9785 -18.84998 -40.46042 -31.45685 -8.39386 -38.49947 6.505425 -34.151 -3.385004 -5.046044 23.64038 17.79304 0.8942611 9.420013 7.999146 -0.9151812 -1.386087 0.2201188 0.993042 -5.142645 -1.699642 -1.250551 -0.9952946 -0.8242645 -0.9106591 -3.409889 -16.81516 -1.778419 2.437208 8.97818 -6.580089 -4.563658 -2.430577 5.272359 
  129.9436 -11.99895 2.498105 0.5237775 -65.37285 -77.47916 -20.208 -24.97583 -29.35409 -27.719 -6.532288 -47.178 6.167859 -44.69633 -12.83585 -3.785278 19.61561 33.52563 4.461038 12.26915 7.396482 -0.04943036 -1.932892 0.7998105 0.3077687 -5.742401 -0.1635318 -2.557863 1.514658 2.341439 4.114605 1.965094 -10.28164 13.09322 1.572244 12.87202 -5.735901 1.922745 -1.691584 2.546783 
  127.9399 -10.76783 0.7825394 -3.260265 -60.3905 -76.73715 -28.50837 -19.09501 -45.99528 -30.62622 -9.284177 -55.04964 5.745902 -59.94637 -14.94523 -12.33164 18.05025 30.83358 0.06575155 17.13918 2.840607 -2.879152 -1.958546 1.082754 0.2062467 -4.757088 -1.480652 -7.360252 -2.066208 3.734349 -1.232985 8.891648 -11.55647 7.855806 -1.453789 10.94061 -7.665474 -5.175009 -4.306484 3.113375 
  128.1486 -7.221423 -6.118533 -4.206276 -59.81875 -74.59357 -18.91615 -18.35991 -44.63713 -38.33737 -4.342432 -55.92408 -1.933716 -53.9039 -8.195229 -12.75412 33.24848 25.83407 1.722771 21.01627 4.464736 -2.31097 -1.482018 0.9486392 1.739437 -5.89948 -6.735771 -3.983718 1.815853 -3.696588 1.63572 2.82485 -8.688096 7.332065 2.437208 7.613228 0.6260064 -8.45134 -1.35051 4.481508 
  127.6894 -4.653338 -2.667997 -0.8637049 -68.06822 -66.34904 -20.35154 -26.69106 -47.0139 -39.3911 -8.39386 -29.24099 12.73915 -40.93605 -0.3064604 -9.080495 25.11855 16.02616 -3.097649 18.73856 4.828614 -2.051958 0.07664623 0.6658648 1.164511 -5.056966 -4.133866 2.412738 4.807806 6.530497 0.700973 9.433265 -5.407001 -2.173652 5.88263 12.05264 -0.1675782 -6.866018 3.487562 3.750792 
  125.35 -5.264787 1.354394 6.730525 -62.5958 -67.83305 -19.05968 -31.1134 -53.63491 -49.50689 -16.89234 -24.6657 0.007286072 -28.55631 -0.6912785 -10.08911 20.61175 16.9096 -2.570415 21.32255 5.824318 -1.692218 0.1440277 0.7005914 1.658746 -8.323726 -2.703871 0.7880558 3.33398 -0.06449556 -11.11064 0.5679905 -5.595984 -5.25647 0.1213363 9.360367 -1.962327 -2.780531 -0.7370487 4.104912 
  124.6815 -3.308151 5.929235 7.635003 -59.81875 -75.25314 -28.50837 -27.62208 -33.31278 -31.45685 -19.51546 -35.83992 -7.09313 -33.55582 5.094818 -14.20261 13.49645 18.23475 12.44512 16.17352 2.660148 -2.627541 -1.453238 0.3334808 1.003128 -6.584915 -2.159204 -3.697571 0.04215264 0.653064 -5.989601 1.714332 -0.9004455 -3.991724 1.070007 6.630462 -2.514557 -5.650605 -4.135947 3.89244 
  122.6017 -6.487685 5.35738 13.36336 -55.43311 -81.93121 -37.19144 -30.18238 -25.80914 -28.54963 -11.06481 -54.61241 -0.836628 -42.68217 -5.116685 -11.90917 27.15103 21.40041 12.18284 17.47113 -0.4076509 -3.407536 -0.7049789 0.750201 3.441846 -3.171329 -3.708099 -0.01028085 2.016649 6.954836 3.532615 10.69704 7.441322 4.445551 7.345653 10.94061 2.983257 -2.061958 -1.09221 2.971727 
  124.9043 -8.6889 9.93222 13.36336 -57.08436 -88.60928 -22.19341 -32.74268 -31.00354 -21.90455 -1.787601 -57.67298 -11.07106 -26.77077 -4.411185 -12.63341 22.53175 17.79304 3.376064 20.34245 1.848084 -1.015908 -0.435453 0.184049 4.494339 -1.98201 -4.985398 -0.2449265 -4.156065 0.3575983 -3.998085 0.67546 -3.063611 -5.651703 4.419608 5.636678 -2.882711 -2.487779 0.1992865 8.134487 
  126.9098 -12.9855 12.7915 12.00664 -66.43466 -90.0705 -13.03103 -24.97583 -48.37206 -46.3457 3.322063 -50.6774 3.467334 -14.25526 3.33615 -12.81447 19.04639 16.9096 8.335945 20.03617 3.381984 -0.6157724 -0.6241212 0.1428264 3.161181 -4.140404 -2.312392 -1.954488 1.481193 4.578537 -1.071822 0.4246979 -2.269882 2.729217 -0.5803272 8.787086 1.961782 -2.886986 1.684508 7.0047 
  129.3174 -12.75061 6.50109 3.866348 -69.20749 -82.67322 3.466402 -12.72413 -40.90028 -56.46149 -8.39386 -32.76044 6.927382 -16.74616 1.382074 -8.702266 22.16221 18.23475 1.722771 23.58903 7.999146 -2.426086 -1.002364 0.5815285 0.4854321 -7.953159 0.4218549 1.112992 3.914578 5.25748 -4.567089 -0.1145411 -1.485833 2.230927 1.181615 8.97818 -0.8118467 -1.4351 2.653131 9.117962 
  129.9436 -18.03024 0.7825394 5.826048 -65.86292 -83.41522 17.07866 0.09413244 -30.45372 -69.22388 -18.2039 -48.99769 14.55796 -0.1401453 -1.71746 -22.53612 24.19469 15.60538 2.807745 23.89531 9.369614 -4.137209 -1.817775 0.8196543 2.193326 -8.409241 -1.529434 1.89284 -1.296489 -2.295455 -2.006569 3.684606 -3.441577 3.725799 3.302172 0.9719925 -5.735901 -2.886986 2.362544 8.925339 
  130.4028 -21.61804 -7.180236 6.730525 -65.37285 -93.8279 5.583865 0.5473175 -43.27897 -83.25938 -27.19747 -54.61241 20.41857 -9.273454 0.6004439 -27.06952 13.99453 9.293709 -0.2355247 23.22149 7.396482 -4.237854 -2.480186 1.051012 2.459519 -6.727441 -3.129391 4.687294 -2.066208 -1.174548 0.9266014 10.42623 -2.761238 3.061411 -0.1576843 1.583755 -6.941884 -3.286194 3.902434 10.2737 
  133.0662 -16.274 -12.40916 -5.141187 -68.63997 -89.33989 0.1389618 -11.0089 -41.34013 -63.41609 -7.17979 -50.25747 6.505425 -26.29462 -0.3064604 -11.78846 16.55603 21.40041 8.598233 16.17352 7.999146 -0.785675 -1.958546 0.8692639 2.284103 -6.584915 -5.600394 0.5930939 2.18398 2.932371 0.1852508 7.537607 1.294757 5.885058 3.870975 5.866089 -2.146404 -2.594234 2.906742 4.858104 
  132.9437 -15.42839 -9.922971 -6.595492 -63.65762 -91.53171 1.046446 3.266426 -26.09765 -65.35202 2.227135 -49.41762 -10.70943 -38.43629 -3.385004 -14.98722 19.61561 16.02616 12.70741 18.10484 7.003441 1.02662 -2.266399 1.152586 1.638573 -6.056559 -1.480652 -2.122092 -1.430353 1.370624 -3.42908 -0.1145411 -1.778526 -0.59272 -0.2985653 11.70147 -3.204845 -5.069321 3.487562 6.628104 
  133.5562 -15.94515 -11.00901 -2.314255 -54.8827 -81.93121 -12.60041 -1.265422 -23.501 -82.29142 -9.688867 -36.25985 -3.115196 -25.46432 11.34786 -22.35478 5.413513 25.44949 13.84399 15.54037 9.607956 -0.1626988 -1.74103 0.8494201 2.193326 -5.371123 -1.563476 -4.613241 -2.453218 5.427215 0.9266014 2.394972 -1.778526 4.888476 5.699753 5.101386 0.1545563 -6.76033 1.813657 11.81468 
  134.6282 -17.02566 -13.18702 3.866348 -53.23145 -74.59357 3.466402 -6.930232 -26.09765 -94.39099 -10.66012 -31.88058 -1.174194 -27.48498 12.3249 -10.84557 11.50373 27.62877 1.981098 17.7729 7.213063 -0.4458698 -1.597134 0.968483 1.6184 -6.127958 -1.767726 -2.85955 2.574736 2.341439 2.7012 -0.5339489 -3.706154 4.002626 0.8467901 7.804321 0.2331313 -4.377361 0.8127475 12.97042 
  133.7706 -15.28745 -13.96487 1.028316 -58.18519 -80.44719 -5.997602 0.5473175 -33.31278 -88.5832 -17.07971 -33.6003 9.303624 -39.74569 2.359112 -11.7281 12.50031 27.62877 -0.5368009 18.43679 10.56133 -1.332479 -2.240745 1.317644 0.6884761 -4.914166 -2.68685 0.3919687 2.485414 -0.8943214 2.119209 4.007014 -6.616493 9.322281 0.7351818 6.057182 0.4688563 -2.274868 0.3607235 12.19993 
  131.7385 -10.64554 -9.746019 -10.85453 -53.23145 -82.67322 -9.729627 -8.063194 -21.7699 -67.28795 -28.88376 -21.67417 4.226857 -40.93605 5.485633 -14.08191 15.06182 29.55166 7.509298 20.34245 9.369614 -1.174194 -2.480186 1.368431 -0.2252216 -7.867644 0.4218549 -6.730729 -3.923859 4.156443 -0.1370757 4.2936 -4.991239 6.49408 3.41378 7.039948 -6.218294 -6.548954 3.07269 10.08108 
  130.2775 -11.01241 -13.96487 -8.465314 -53.23145 -88.60928 -13.89227 -11.62148 -10.51774 -51.40359 -18.01654 -29.24099 -7.09313 -46.42275 0.01422119 -31.05891 9.510569 32.2437 5.029358 19.40245 6.6104 -0.8144542 -1.984201 1.266857 -0.6313095 -4.052306 -0.1635318 -4.956617 -3.22724 9.925209 -0.3949368 0.67546 -6.42751 4.168724 3.779536 8.595993 -6.459491 -5.175009 2.906742 7.946189 
  127.3555 -13.8781 -15.52059 -5.141187 -55.43311 -94.55851 -28.50837 -11.13141 -28.69431 -50.34986 -12.03607 -27.83321 -11.43269 -41.53123 -13.57413 -19.63474 25.67286 29.93623 10.52168 20.34245 6.6104 -1.591491 -1.529983 0.5021533 2.459519 -5.371123 -3.708099 0.9180304 0.1090848 4.451909 7.357124 5.010063 -4.991239 9.531777 9.174431 13.04761 1.411757 -4.084609 -2.544269 12.00731 
  126.0928 -13.54925 -10.62008 -2.755726 -57.08436 -75.25314 -22.19341 -12.72413 -41.34013 -37.49439 16.4612 -29.41697 -26.25954 -55.63032 -14.20695 -13.23695 20.61175 22.72556 9.122809 17.13918 7.815726 2.78228 -1.02155 1.031967 3.091015 -2.995134 -5.458472 -1.61928 -4.930086 3.312255 -1.813173 -1.013272 -6.616493 -3.359351 -1.96096 7.422134 5.104782 -1.093624 2.906742 5.837253 
  124.013 -13.6432 -10.5423 -7.011008 -59.24701 -72.2851 -23.2459 -5.570678 -36.17184 -42.34154 0.4022556 -31.52864 -17.21878 -44.69633 -3.769822 -19.45341 7.406675 12.87032 9.734815 18.43679 7.396482 1.70623 -0.5567397 1.051012 2.193326 -2.510596 -2.312392 -1.820405 4.450515 7.803514 -4.424838 1.284454 5.392467 0.9021518 -0.1018802 12.87202 1.568907 -0.1261095 5.395973 5.648955 ]
<LeftContext> 12 <SpkInfo>  [ ]
</NnetExample> rev1_sp0.9-171112_htrs_s068_4m_A_3.pcm.171112_htrs_s068_4m_A_3.pcm-184 <NnetExample> <Lab1> [ 0 0 0 0 0 0 0 0 ]
<InputFrames>  [
  114.147 2.811889 -9.472467 -7.568389 -9.230549 5.44149 -23.92051 6.179143 4.79957 12.69569 13.17166 10.05417 14.40569 6.84083 4.11615 -5.88312 -27.86487 -7.88526 -7.049574 -3.927491 -4.144174 -2.209957 0.3688731 -0.526484 -2.3592 -3.818947 2.009817 5.254287 4.449355 -2.65821 3.757742 -2.590147 1.031368 -2.513009 -0.9653862 6.893734 6.517303 -0.06575632 -0.9826407 -0.6302447 
  113.7116 1.302401 -3.853924 -3.124779 -20.34529 5.614117 -9.992846 -13.21286 -27.53156 -3.843217 8.343141 -9.929857 8.094435 -8.625931 2.750817 6.035344 -21.73526 -3.673333 -5.174813 2.482058 1.603761 0.3735975 0.6107712 -0.4737828 -2.654678 -1.044282 7.078735 0.6255679 3.746304 0.8277454 9.802502 -2.983025 -12.03629 -6.307034 2.342693 2.64844 2.419656 -4.215182 -2.435166 -1.838334 
  113.7116 1.124814 -4.378322 -5.555591 -11.87451 7.513002 -15.09511 -9.725396 -27.53156 -19.55953 14.13736 11.4774 15.14748 6.686086 7.529483 1.738151 -30.42334 -16.1587 -6.152949 3.763794 -0.07546246 0.08867872 0.6107712 -0.4632425 0.2684875 2.537064 6.250367 6.812237 -0.6891925 -2.36279 2.731766 0.1944711 -1.422248 -9.941198 6.417128 2.21664 2.591716 -9.435421 -8.123745 -2.333961 
  112.4052 -0.739848 -11.94463 -9.178628 -9.230549 13.72754 -21.28193 -3.204412 -22.32643 1.363474 26.36961 23.21908 16.87834 0.9605522 7.984594 -6.262335 -22.89006 -14.43166 -5.419347 3.203034 -1.497123 -1.284112 0.4163041 -0.3213195 -0.02507854 0.1457894 4.061108 1.515205 3.533059 -2.894546 7.150001 -0.4043713 -2.824102 -11.25697 -2.271207 6.303628 0.2517005 -3.84885 -6.679027 -1.962241 
  113.7116 2.101542 -1.804496 3.096949 -7.520511 9.411888 -32.62782 2.428362 -26.14353 -14.4836 -5.05567 -4.498697 15.88928 -2.185012 7.074372 0.3655949 -30.99189 -9.624968 -7.433708 1.050729 2.552888 2.001566 0.9819667 -0.6793176 -0.3186445 1.237878 3.679472 1.241471 5.416049 -2.185538 0.2401071 2.060933 1.031368 -11.25697 2.73444 5.049654 4.432976 -5.405763 -6.227552 -4.960732 
  112.4052 -3.10865 -3.201833 -0.8743668 -12.14669 3.887856 -33.15553 11.79871 1.825008 -6.599701 12.20595 3.293809 20.09279 -0.5373354 13.67348 5.181594 -26.86991 -2.116752 -10.83798 -4.828312 -2.612713 2.141478 0.870608 -0.3370714 1.046437 1.382232 4.830307 6.189057 3.922066 2.482098 -7.361721 3.846479 6.76675 -9.590324 0.7757084 -0.7199535 -1.790884 -4.215182 -0.7880363 -3.849085 
  112.4052 -2.782097 -4.378322 0.3170283 -7.19988 10.96552 -18.11563 -3.592879 -7.093689 -9.731661 8.021239 -4.369384 6.663301 -6.903359 -0.2482986 5.466177 -21.8951 1.087975 1.02587 -0.03973818 -5.832684 -0.6106673 0.6973835 -0.3948284 0.2978441 0.06732321 4.889476 5.98133 9.282829 -3.603554 0.2401071 1.997164 5.359696 -11.16926 -0.356003 -0.6407452 -0.3093925 -1.411981 -0.9826407 0.9805412 
  111.0989 -3.435204 -6.775567 -4.448551 -8.37553 15.93115 -20.49036 -17.1106 -25.44951 -13.83561 -7.493749 -21.82042 0.7956581 -8.876282 8.21215 0.2211151 -13.90305 1.470274 -7.171841 -2.552554 -2.49027 -1.465424 0.1412044 -0.2898157 0.2978441 0.7326391 2.868497 1.412555 -1.371577 -7.359302 -0.8347261 -0.7037926 5.570754 -15.2043 3.172855 -2.700157 6.517303 -1.004034 -1.196706 -0.1655951 
  111.0989 -4.41486 -5.352202 -12.29847 -15.94204 18.86931 -29.46152 -0.0966742 -20.12871 -6.599701 1.387823 -24.33275 3.872593 -10.37839 1.157928 7.315968 -12.14479 2.043724 -5.786148 -1.462087 -3.733455 1.150649 -0.2335405 -0.06928915 -1.604088 0.7326391 1.198842 -6.399826 -1.712769 -4.72615 2.292061 4.165327 6.76675 -3.169667 8.258472 1.688886 6.896272 -1.208008 -3.879885 -1.683451 
  109.8794 -3.435204 -1.431872 -8.172229 -18.21038 17.64508 -8.204964 11.45813 -13.78271 -8.651674 -10.45427 -29.14805 8.738443 -14.8847 -2.156749 -3.896554 -9.267656 10.26317 -7.25913 -5.955261 -2.245385 -0.5329622 0.1080027 -0.3948284 1.645521 -2.765233 1.771295 2.657702 3.06392 -5.957057 -0.8347261 -4.570895 3.249115 -12.57275 3.172855 3.869442 4.243492 -1.534365 -0.6907341 -1.497591 
  111.0989 -1.450195 2.014893 -4.649831 -9.230549 18.01235 2.217859 15.03422 -9.323363 -24.30359 -13.58895 -23.28595 9.024671 -9.376983 -8.685658 4.327845 -9.427497 13.13041 -1.955116 -8.450648 -5.695777 -2.954491 0.6602639 -0.2530613 2.242249 -2.765233 -0.566222 4.42338 7.876728 -0.2948503 4.441727 0.9130821 3.671231 -10.9061 4.75115 3.721916 1.731416 -2.227875 0.1460648 1.555736 
  111.0989 -2.60451 -1.990808 -2.727648 -8.696162 21.44019 -10.35 7.030592 -17.89903 -6.293425 -0.179512 -22.4485 -12.9782 -24.64837 -18.36068 12.58076 -11.50543 12.74811 3.075298 -9.416605 -5.604506 -2.303024 -0.4876781 -0.7583694 -1.177285 -1.862049 1.962113 8.058598 6.822151 -10.68963 0.09353888 -2.91951 -2.223308 -7.912198 -8.003702 2.984283 10.21225 -4.856264 3.713825 2.665039 
  111.0989 -3.435204 -1.431872 -1.271498 -17.40979 3.887856 -10.70716 2.428362 -17.89903 -2.924389 8.343141 -15.74896 -5.876052 -16.13645 -8.685658 1.954871 -19.1778 0.7217197 -11.01256 -9.98008 -5.011246 -1.465424 0.870608 -0.3318208 0.8996544 0.2634888 4.948645 0.6597848 4.712998 -2.185538 3.806599 -4.697925 3.530526 -6.963692 -2.706481 2.768384 1.008765 -3.002975 0.8822693 3.486746 
  111.0989 -6.047626 -4.378322 -10.38631 -22.74706 8.894011 -16.26863 9.244361 -20.70706 -22.48481 -4.010779 -10.57642 9.954906 -6.903359 -9.890995 -2.523998 -14.70225 -0.6517344 -12.2346 -4.638665 -0.8055599 0.4254009 1.390282 -0.5581048 -0.3333228 -1.031204 7.788765 -3.858845 2.59478 2.36393 5.255357 1.869625 2.400586 -6.379996 -4.313246 -5.155609 -3.321758 2.090399 1.788367 1.884418 
  109.8794 -5.067966 -6.775567 -6.36071 -12.14669 13.72754 -14.02363 13.33132 -7.093689 -15.02359 -3.140037 -13.16269 25.53263 7.305063 -5.571871 2.532789 -12.62432 6.631319 -8.132019 -7.323699 -4.554893 -1.651557 0.5917988 -0.3790765 -0.3333228 1.707028 6.309536 -0.1956358 3.746304 1.47767 6.998429 -6.984459 -2.824102 -3.680401 -0.9653862 -2.779365 2.970248 -1.044829 3.657194 0.9805412 
  109.8794 -2.249336 -5.352202 -5.857511 -16.07547 15.07419 -9.839777 4.305954 -23.48313 -21.93917 -3.662482 -15.2317 15.88928 1.424785 -11.699 3.182947 -13.10384 4.528671 -1.116714 -0.5612659 1.749781 0.7103195 -0.114943 -0.526484 0.1804177 1.237878 6.605381 0.1465325 0.2917345 -1.712866 -1.417329 -3.999262 0.7806664 -0.7619209 3.260538 0.2255665 4.527719 -1.044829 -1.041022 -2.302984 
  107.4403 -5.067966 -8.498587 -5.656231 -2.497276 16.29842 -5.139428 2.428362 -10.86698 -9.731661 5.044941 -22.23914 -8.673866 -21.14346 -21.85013 -8.66403 -26.58563 6.631319 -0.7440906 -5.472283 -2.912018 0.1663839 -0.2250693 0.07772857 -1.702581 0.1457894 3.917994 0.7966521 0.5902774 -5.080654 -2.376102 -3.491143 2.998413 -0.2511864 0.0792706 -0.3239126 8.222661 -3.5741 1.561843 -3.200624 
  109.8794 -3.10865 -1.059249 -1.536253 -13.31314 15.44146 -2.073892 14.18277 -0.06163979 -12.97162 -10.80257 -24.96083 9.310897 -4.881211 -5.873205 -9.359258 -28.57555 -0.7432976 -12.75834 -7.887174 -1.170609 -1.83769 -0.5385056 -0.4210815 -1.045962 -1.711519 2.868497 -1.256357 1.443258 -5.869417 -2.567857 3.974019 7.681335 -3.315591 7.03091 1.353042 2.901424 0.546164 2.128154 -3.725568 
  99.51322 -8.006943 1.828581 3.891212 -13.89637 5.268864 -3.606659 -4.186491 -2.462828 -5.068321 6.089832 -1.783117 23.30724 1.734273 -11.49811 -9.67527 -19.65733 -3.398643 3.9137 -4.164549 -2.585504 -2.209957 -0.5130918 -0.3318208 -0.5534973 -1.410458 0.2924578 -3.19598 0.9741185 -6.658179 2.438629 4.930561 0.9735139 -4.045211 0.8627632 5.344707 0.9055284 1.647621 1.505212 2.089845 
  34.26746 -43.92775 -13.44291 -14.51254 -2.817909 -8.368591 5.589948 -16.70031 -14.64028 -11.45964 -23.46162 -14.1972 -8.673866 -2.859062 -6.475873 -0.2845635 -1.435444 -8.15995 -1.582493 0.529201 2.552888 0.8916316 0.1364613 0.2509995 1.674629 -1.083515 1.485069 -3.748367 2.082993 4.245276 -6.978212 -1.631999 -2.023043 -1.272655 2.473276 2.768384 -2.482246 0.1790118 2.467941 3.199148 
  33.04791 -42.29499 -12.91851 -20.76971 -11.29129 -11.77754 -4.832874 -13.21286 -6.064609 9.939202 -2.095146 -13.29201 -8.673866 -0.08796978 -7.781655 -9.485662 -7.829086 -5.138351 -4.196677 -3.453375 -1.265842 0.4254009 0.3973317 -0.05353725 -0.4507492 -1.673886 -0.232291 -5.847439 -6.561287 -5.080654 -1.225574 2.953706 -5.828076 -5.504452 3.87432 -0.08628845 5.001429 1.647621 -1.508073 -1.063918 
  33.04791 -44.58086 -17.86224 -26.13494 -15.54174 -6.642331 -9.737732 2.687341 12.23597 -1.393009 -4.707373 4.717042 -3.293454 10.70943 -0.04740906 -5.63031 1.750057 -0.1023521 -6.886551 -4.117137 -1.646775 0.1663839 -0.07258677 0.4267222 -0.783314 0.3356658 -2.274798 -3.858845 0.6755755 3.011051 1.461508 -0.8535032 2.188453 6.594517 -9.585327 -1.828867 -2.235331 0.8725219 -5.414898 3.568916 
  31.74748 -44.58086 -11.94463 -7.870309 -6.558615 -7.332835 -14.22773 2.946319 -2.119801 -8.111681 6.411734 7.207701 0.7956581 1.115296 15.49393 -4.835672 -8.947973 -6.328678 1.771116 1.050729 3.429005 2.584534 0.8458617 -0.2793145 -0.5241407 0.001934648 0.1493444 -2.72768 -6.884521 -7.096381 -6.211194 -4.253321 1.629196 -0.6159964 -2.532371 7.631367 2.48848 -3.665684 -2.886641 0.05124164 
  33.04791 -43.27465 -9.772123 -7.568389 -3.993559 -3.362437 9.575146 -8.084239 -6.922175 -16.21158 -20.39862 -0.1020432 -6.952134 3.436459 -3.060752 -6.767955 -0.4241737 -7.88526 -3.666854 -0.9405589 -1.170609 0.7880247 0.00365448 0.7781677 -0.2012181 -1.673886 -2.045059 2.242249 -0.2200536 0.2959895 -1.225574 -1.212809 4.093348 1.596067 0.4274895 4.385785 -2.926694 4.183529 -2.033504 -1.652474 
  30.44704 -49.58772 -19.59155 -17.33046 -14.20742 -14.10999 -9.839777 -3.981346 2.486022 -20.42352 -16.20117 0.8031502 2.942357 -3.832689 -11.699 3.616386 -0.01966561 -10.63217 -1.955116 1.240376 -2.707946 1.849995 0.5491109 0.2509995 1.325325 0.1457894 -3.381721 -2.864548 -1.712769 8.03611 5.028 -2.35061 2.689857 3.769306 -2.837063 2.120685 -0.1612434 3.297974 -2.344872 -2.98447 
  30.44704 -49.58772 -19.59155 -17.33046 -14.20742 -14.10999 -9.839777 -3.981346 2.486022 -20.42352 -16.20117 0.8031502 2.942357 -3.832689 -11.699 3.616386 -0.01966561 -10.63217 -1.955116 1.240376 -2.707946 1.849995 0.5491109 0.2509995 1.325325 0.1457894 -3.381721 -2.864548 -1.712769 8.03611 5.028 -2.35061 2.689857 3.769306 -2.837063 2.120685 -0.1612434 3.297974 -2.344872 -2.98447 
  30.44704 -49.58772 -19.59155 -17.33046 -14.20742 -14.10999 -9.839777 -3.981346 2.486022 -20.42352 -16.20117 0.8031502 2.942357 -3.832689 -11.699 3.616386 -0.01966561 -10.63217 -1.955116 1.240376 -2.707946 1.849995 0.5491109 0.2509995 1.325325 0.1457894 -3.381721 -2.864548 -1.712769 8.03611 5.028 -2.35061 2.689857 3.769306 -2.837063 2.120685 -0.1612434 3.297974 -2.344872 -2.98447 
  30.44704 -49.58772 -19.59155 -17.33046 -14.20742 -14.10999 -9.839777 -3.981346 2.486022 -20.42352 -16.20117 0.8031502 2.942357 -3.832689 -11.699 3.616386 -0.01966561 -10.63217 -1.955116 1.240376 -2.707946 1.849995 0.5491109 0.2509995 1.325325 0.1457894 -3.381721 -2.864548 -1.712769 8.03611 5.028 -2.35061 2.689857 3.769306 -2.837063 2.120685 -0.1612434 3.297974 -2.344872 -2.98447 
  30.44704 -49.58772 -19.59155 -17.33046 -14.20742 -14.10999 -9.839777 -3.981346 2.486022 -20.42352 -16.20117 0.8031502 2.942357 -3.832689 -11.699 3.616386 -0.01966561 -10.63217 -1.955116 1.240376 -2.707946 1.849995 0.5491109 0.2509995 1.325325 0.1457894 -3.381721 -2.864548 -1.712769 8.03611 5.028 -2.35061 2.689857 3.769306 -2.837063 2.120685 -0.1612434 3.297974 -2.344872 -2.98447 
  30.44704 -49.58772 -19.59155 -17.33046 -14.20742 -14.10999 -9.839777 -3.981346 2.486022 -20.42352 -16.20117 0.8031502 2.942357 -3.832689 -11.699 3.616386 -0.01966561 -10.63217 -1.955116 1.240376 -2.707946 1.849995 0.5491109 0.2509995 1.325325 0.1457894 -3.381721 -2.864548 -1.712769 8.03611 5.028 -2.35061 2.689857 3.769306 -2.837063 2.120685 -0.1612434 3.297974 -2.344872 -2.98447 ]
<LeftContext> 12 <SpkInfo>  [ ]
</NnetExample> 